s1 s2 s3
399.9	23.5	25
475.2	61.8	25
495.6	93.8	25
560.4	130.3	25
572.5	173.1	25
585.1	232.9	25
544	268.8	25
485.6	42.8	45
566	93.7	45
586.4	124.3	45
606.9	159.3	45
638.7	182.5	45
670.5	241.3	45
670	263.3	45
622.1	292.5	45
567	62.5	65
636.3	113.3	65
641.9	152.4	65
687.1	207.6	65
683.9	258.9	65
725.2	306.4	65
701.4	390.1	65
620.4	83.9	85
682.1	125.9	85
718	149.7	85
743.3	230	85
770.6	303.5	85
817.5	371	85
798.2	440.3	85
680.3	103.3	105
776.1	165.2	105
784.1	202.1	105
804.2	264.9	105
822.1	330.7	105
838.7	350.8	105
820.4	411	105
862.5	266.2	105
726.3	122.7	125
822.6	185.8	125
858.8	241.1	125
861.6	288.1	125
893.3	358.8	125
941.7	410.5	125
918.4	457.8	125
887.1	510.1	125
892.1	254.2	145
928.5	292.3	145
924	318.7	145
922	341.6	145
1015.7	386.6	145
1003.2	404.4	145
952.9	450.9	145
